1305031102.175303936 1305031102.160407066
1305031102.211214066 1305031102.226737976
1305031102.243211031 1305031102.226737976
1305031102.275326014 1305031102.262886047
1305031102.311266899 1305031102.295279026
1305031102.343233109 1305031102.329195023
1305031102.375329018 1305031102.363013029
1305031102.411257982 1305031102.394772053
1305031102.443270922 1305031102.427814960
1305031102.475317955 1305031102.462394953
1305031102.511219025 1305031102.526329994
1305031102.543220043 1305031102.526329994
1305031102.575285912 1305031102.562223911
1305031102.611232996 1305031102.626817942
1305031102.643265009 1305031102.626817942
1305031102.675285101 1305031102.663273096
1305031102.711262941 1305031102.695164919
1305031102.743233919 1305031102.728423119
1305031102.775471926 1305031102.763549089
1305031102.811232090 1305031102.794977903
1305031102.843290091 1305031102.828536987
1305031102.875363111 1305031102.862807989
1305031102.911185026 1305031102.926851034
1305031102.943228960 1305031102.926851034
1305031102.975203037 1305031102.962136984
1305031103.011214972 1305031103.027880907
1305031103.043226957 1305031103.027880907
1305031103.075319052 1305031103.062273026
1305031103.111239910 1305031103.094039917
1305031103.143317938 1305031103.129108906
1305031103.175451994 1305031103.162795067
1305031103.211220026 1305031103.227844954
1305031103.243216038 1305031103.227844954
1305031103.275369883 1305031103.262576103
1305031103.311209917 1305031103.327549934
1305031103.343223095 1305031103.327549934
1305031103.375327110 1305031103.362405062
1305031103.411259890 1305031103.394161940
1305031103.443279982 1305031103.428436995
1305031103.475274086 1305031103.463886023
1305031103.511332989 1305031103.494472027
1305031103.543443918 1305031103.531502008
1305031103.575474024 1305031103.562650919
1305031103.611222982 1305031103.595309973
1305031103.643445015 1305031103.631376028
1305031103.675523043 1305031103.663594007
1305031103.711610079 1305031103.694694996
1305031103.743325949 1305031103.731542110
1305031103.775341988 1305031103.762865067
1305031103.811242104 1305031103.794328928
1305031103.843250990 1305031103.830367088
1305031103.875360966 1305031103.862379074
1305031103.911221027 1305031103.894237041
1305031103.943211079 1305031103.930502892
1305031103.975373030 1305031103.962460995
1305031104.011231899 1305031103.994364977
1305031104.043248892 1305031104.030278921
1305031104.075424910 1305031104.062541962
1305031104.111234903 1305031104.095304966
1305031104.143229961 1305031104.131292105
1305031104.175424099 1305031104.163439989
1305031104.211282969 1305031104.227247000
1305031104.243196011 1305031104.227247000
1305031104.275546074 1305031104.263334990
1305031104.311218977 1305031104.294956923
1305031104.343342066 1305031104.331403017
1305031104.375837088 1305031104.363344908
1305031104.411509037 1305031104.395019054
1305031104.443288088 1305031104.431435108
1305031104.475455999 1305031104.463413000
1305031104.511328936 1305031104.495672941
1305031104.543368101 1305031104.531450033
1305031104.575342894 1305031104.563148975
1305031104.611335993 1305031104.595032930
1305031104.643243074 1305031104.631367922
1305031104.675524950 1305031104.659862995
1305031104.711277008 1305031104.695184946
1305031104.743279934 1305031104.730936050
1305031104.775326967 1305031104.763178110
1305031104.811465025 1305031104.799499035
1305031104.843257904 1305031104.830960989
1305031104.875349998 1305031104.863255978
1305031104.911534071 1305031104.899164915
1305031104.943262100 1305031104.931091070
1305031104.975202084 1305031104.959749937
1305031105.011290073 1305031104.998342037
1305031105.043373108 1305031105.030426979
1305031105.075320005 1305031105.062444925
1305031105.111299038 1305031105.097639084
1305031105.143105984 1305031105.130269051
1305031105.175158978 1305031105.159979105
1305031105.211267948 1305031105.198211908
1305031105.243269920 1305031105.228250027
1305031105.275288105 1305031105.262388945
1305031105.311290026 1305031105.298501015
1305031105.343302011 1305031105.328877926
1305031105.375338078 1305031105.362286091
1305031105.411286116 1305031105.398190975
1305031105.443315983 1305031105.430335999
1305031105.475280046 1305031105.461421013
1305031105.511332035 1305031105.497931004
1305031105.543282032 1305031105.529582977
1305031105.575448990 1305031105.562108994
1305031105.611377954 1305031105.597193003
1305031105.643273115 1305031105.659104109
1305031105.675165892 1305031105.659104109
1305031105.711308956 1305031105.698235035
1305031105.743311882 1305031105.730335951
1305031105.775338888 1305031105.762383938
1305031105.811283112 1305031105.798055887
1305031105.843271017 1305031105.830008030
1305031105.875336885 1305031105.862237930
1305031105.911262035 1305031105.898017883
1305031105.943272114 1305031105.929855108
1305031105.975328922 1305031105.966192961
1305031106.011285067 1305031105.998270988
1305031106.043354988 1305031106.030147076
1305031106.075330019 1305031106.066060066
1305031106.111326933 1305031106.096295118
1305031106.143354893 1305031106.130445004
1305031106.175534010 1305031106.166330099
1305031106.211275101 1305031106.195074081
1305031106.243267059 1305031106.230057955
1305031106.276385069 1305031106.265975952
1305031106.311238050 1305031106.298173904
1305031106.343257904 1305031106.330214977
1305031106.375387907 1305031106.366158009
1305031106.411319971 1305031106.398281097
1305031106.443278074 1305031106.430639029
1305031106.475344896 1305031106.466046095
1305031106.511128902 1305031106.498095989
1305031106.543302059 1305031106.528266907
1305031106.575282097 1305031106.564414024
1305031106.611150980 1305031106.597878933
1305031106.643207073 1305031106.630775928
1305031106.675278902 1305031106.667282104
1305031106.711508036 1305031106.699110031
1305031106.743340969 1305031106.729549885
1305031106.775389910 1305031106.767126083
1305031106.811289072 1305031106.798309088
1305031106.843415976 1305031106.830651999
1305031106.875905037 1305031106.866893053
1305031106.911242962 1305031106.897828102
1305031106.943439007 1305031106.930797100
1305031106.975547075 1305031106.967231989
1305031107.011575937 1305031106.998876095
1305031107.043281078 1305031107.030348063
1305031107.075432062 1305031107.066405058
1305031107.111228943 1305031107.098268032
1305031107.143260002 1305031107.130307913
1305031107.175399065 1305031107.165963888
1305031107.211358070 1305031107.198208094
1305031107.243377924 1305031107.235025883
1305031107.275398016 1305031107.267071009
1305031107.311225891 1305031107.299273014
1305031107.343508959 1305031107.334800005
1305031107.375412941 1305031107.367182970
1305031107.411271095 1305031107.399344921
1305031107.443418980 1305031107.434926033
1305031107.475377083 1305031107.467140913
1305031107.511352062 1305031107.498425961
1305031107.543605089 1305031107.534830093
1305031107.575453997 1305031107.567014933
1305031107.611270905 1305031107.598903894
1305031107.643322945 1305031107.634943962
1305031107.675568104 1305031107.667179108
1305031107.711307049 1305031107.699389935
1305031107.743537903 1305031107.735040903
1305031107.775801897 1305031107.767894983
1305031107.811595917 1305031107.799544096
1305031107.843332052 1305031107.835751057
1305031107.875358105 1305031107.863504887
1305031107.911540985 1305031107.899221897
1305031107.943121910 1305031107.933609009
1305031107.975806952 1305031107.964839935
1305031108.011320114 1305031107.998469114
1305031108.043417931 1305031108.034823895
1305031108.075351954 1305031108.067270994
1305031108.111377954 1305031108.099364996
1305031108.143333912 1305031108.135281086
1305031108.176058054 1305031108.167356968
1305031108.211474895 1305031108.199224949
1305031108.243346930 1305031108.235213041
1305031108.275357962 1305031108.267659903
1305031108.311331987 1305031108.299546957
1305031108.343277931 1305031108.335019112
1305031108.375410080 1305031108.367285013
1305031108.411360979 1305031108.399283886
1305031108.443609953 1305031108.435023069
1305031108.475471020 1305031108.467679977
1305031108.511378050 1305031108.503547907
1305031108.543736935 1305031108.534811020
1305031108.575413942 1305031108.567153931
1305031108.611407042 1305031108.603547096
1305031108.643302917 1305031108.634212017
1305031108.675374985 1305031108.667188883
1305031108.711410999 1305031108.703346014
1305031108.743501902 1305031108.735052109
1305031108.775492907 1305031108.767030954
1305031108.811244011 1305031108.803369999
1305031108.843264103 1305031108.835163116
1305031108.876514912 1305031108.867533922
1305031108.911364079 1305031108.903539896
1305031108.943243027 1305031108.935116053
1305031108.975267887 1305031108.967245102
1305031109.011269093 1305031109.003063917
1305031109.043277025 1305031109.034955025
1305031109.075409889 1305031109.067090988
1305031109.111282110 1305031109.103293896
1305031109.143333912 1305031109.134968042
1305031109.175463915 1305031109.165848017
1305031109.211379051 1305031109.203387976
1305031109.243289948 1305031109.234323978
1305031109.275307894 1305031109.266324997
1305031109.311328888 1305031109.303457022
1305031109.343247890 1305031109.334602118
1305031109.375396967 1305031109.364881992
1305031109.411329031 1305031109.403386116
1305031109.443301916 1305031109.434468985
1305031109.475363016 1305031109.467361927
1305031109.511272907 1305031109.503192902
1305031109.543293953 1305031109.535715103
1305031109.575361967 1305031109.567451954
1305031109.611310005 1305031109.603600979
1305031109.643229008 1305031109.635323048
1305031109.675262928 1305031109.667570114
1305031109.711312056 1305031109.703264952
1305031109.743273973 1305031109.735059023
1305031109.775276899 1305031109.767469883
1305031109.811371088 1305031109.803395987
1305031109.843296051 1305031109.834909916
1305031109.875305891 1305031109.871270895
1305031109.911264896 1305031109.900535107
1305031109.943299055 1305031109.934959888
1305031109.975258112 1305031109.970212936
1305031110.011255980 1305031109.999656916
1305031110.043298960 1305031110.031356096
1305031110.075319052 1305031110.068125010
1305031110.111325026 1305031110.101397038
1305031110.143431902 1305031110.132317066
1305031110.175641060 1305031110.168323040
1305031110.211637020 1305031110.203161955
1305031110.243323088 1305031110.234909058
1305031110.279320955 1305031110.271394014
1305031110.311403990 1305031110.303647995
1305031110.343354940 1305031110.331569910
1305031110.379281044 1305031110.371607065
1305031110.411468983 1305031110.403480053
1305031110.443259954 1305031110.435647011
1305031110.479331017 1305031110.470587969
1305031110.511429071 1305031110.502538919
1305031110.543407917 1305031110.534532070
1305031110.579426050 1305031110.571676016
1305031110.611306906 1305031110.604289055
1305031110.643418074 1305031110.635484934
1305031110.679605961 1305031110.671775103
1305031110.711411953 1305031110.699956894
1305031110.743248940 1305031110.735440016
1305031110.779192924 1305031110.769733906
1305031110.811386108 1305031110.799684048
1305031110.843218088 1305031110.835247993
1305031110.879312992 1305031110.871293068
1305031110.911333084 1305031110.901900053
1305031110.943861961 1305031110.938668013
1305031110.979345083 1305031110.971316099
1305031111.011430979 1305031111.003669024
1305031111.043327093 1305031111.039669037
1305031111.079282999 1305031111.071604967
1305031111.111507893 1305031111.103657961
1305031111.143256903 1305031111.139210939
1305031111.179326057 1305031111.170937061
1305031111.211432934 1305031111.199394941
1305031111.243236065 1305031111.236670017
1305031111.279308081 1305031111.269938946
1305031111.311547041 1305031111.302310944
1305031111.343396902 1305031111.339459896
1305031111.379133940 1305031111.370908022
1305031111.411295891 1305031111.402910948
1305031111.443386078 1305031111.438947916
1305031111.479259014 1305031111.470918894
1305031111.511264086 1305031111.503530979
1305031111.543250084 1305031111.539482117
1305031111.579236984 1305031111.571320057
1305031111.611270905 1305031111.603390932
1305031111.643394947 1305031111.639405012
1305031111.679320097 1305031111.671252012
1305031111.711760044 1305031111.703790903
1305031111.743386030 1305031111.739504099
1305031111.779422998 1305031111.771228075
1305031111.811405897 1305031111.800076962
1305031111.843298912 1305031111.839333057
1305031111.879441977 1305031111.870985031
1305031111.911354065 1305031111.903356075
1305031111.943300009 1305031111.939680099
1305031111.979449034 1305031111.971493959
1305031112.011432886 1305031112.003596067
1305031112.043270111 1305031112.039412022
1305031112.079339027 1305031112.070730925
1305031112.111423016 1305031112.102494955
1305031112.144341946 1305031112.139106989
1305031112.179389954 1305031112.169344902
1305031112.211253881 1305031112.207732916
1305031112.243369102 1305031112.235656977
1305031112.279352903 1305031112.269488096
1305031112.311311960 1305031112.303591013
1305031112.343322992 1305031112.335788965
1305031112.379359961 1305031112.371231079
1305031112.411442041 1305031112.407490969
1305031112.443391085 1305031112.439064026
1305031112.479418039 1305031112.471065998
1305031112.511503935 1305031112.506669044
1305031112.543211937 1305031112.538310051
1305031112.579252005 1305031112.567470074
1305031112.611260891 1305031112.606741905
1305031112.643245935 1305031112.639417887
1305031112.679951906 1305031112.671324968
1305031112.711251020 1305031112.707324982
1305031112.743244886 1305031112.739546061
1305031112.779309988 1305031112.771522999
1305031112.811310053 1305031112.807538986
1305031112.843286037 1305031112.839560032
1305031112.879420996 1305031112.871083021
1305031112.911411047 1305031112.907246113
1305031112.943320990 1305031112.939322948
1305031112.979278088 1305031112.971163988
1305031113.011353016 1305031113.007165909
1305031113.043231010 1305031113.039491892
1305031113.079251051 1305031113.071209908
1305031113.111315966 1305031113.107661963
1305031113.143306017 1305031113.139663935
1305031113.179342985 1305031113.171087980
1305031113.211258888 1305031113.207180977
1305031113.243227005 1305031113.239732027
1305031113.279311895 1305031113.271470070
1305031113.311451912 1305031113.307322979
1305031113.343251944 1305031113.339396000
1305031113.379312038 1305031113.371376991
1305031113.411624908 1305031113.407351017
1305031113.443265915 1305031113.439786911
1305031113.479310989 1305031113.475656986
1305031113.511523008 1305031113.507987022
1305031113.543241978 1305031113.539417028
1305031113.579301119 1305031113.574964046
1305031113.611268044 1305031113.607215881
1305031113.643222094 1305031113.638417959
1305031113.679287910 1305031113.674243927
1305031113.711930990 1305031113.704256058
1305031113.743590117 1305031113.736263037
1305031113.779320002 1305031113.774168015
1305031113.811237097 1305031113.805794954
1305031113.843295097 1305031113.838437080
1305031113.879281044 1305031113.874200106
1305031113.911289930 1305031113.906361103
1305031113.943290949 1305031113.938560963
1305031113.979293108 1305031113.974245071
1305031114.011256933 1305031114.007081985
1305031114.043301105 1305031114.038546085
1305031114.079284906 1305031114.074297905
1305031114.111263037 1305031114.106401920
1305031114.143284082 1305031114.138561964
1305031114.179337025 1305031114.174113989
1305031114.211302996 1305031114.206254959
1305031114.243336916 1305031114.238472939
1305031114.279390097 1305031114.271075010
1305031114.311429024 1305031114.306710005
1305031114.343331099 1305031114.338918924
1305031114.379319906 1305031114.374306917
1305031114.411396980 1305031114.406590939
1305031114.443345070 1305031114.438539982
1305031114.479331970 1305031114.474488974
1305031114.511265993 1305031114.506572962
1305031114.543236017 1305031114.539952993
1305031114.579236984 1305031114.575185061
1305031114.611391068 1305031114.607559919
1305031114.644135952 1305031114.644150019
1305031114.679250956 1305031114.675654888
1305031114.711306095 1305031114.706140995
1305031114.743200064 1305031114.743275881
1305031114.779289007 1305031114.774847031
1305031114.811302900 1305031114.807310104
1305031114.843208075 1305031114.842137098
1305031114.879281044 1305031114.875056028
1305031114.912878990 1305031114.907504082
1305031114.943233967 1305031114.943264008
1305031114.979279995 1305031114.975410938
1305031115.011300087 1305031115.007179022
1305031115.043508053 1305031115.043529987
1305031115.079237938 1305031115.071577072
1305031115.111229897 1305031115.107074022
1305031115.143275023 1305031115.143294096
1305031115.179440022 1305031115.172641993
1305031115.211374044 1305031115.206453085
1305031115.243297100 1305031115.240974903
1305031115.279966116 1305031115.273468018
1305031115.311703920 1305031115.305533886
1305031115.343235016 1305031115.343425989
1305031115.379165888 1305031115.375053883
1305031115.411237001 1305031115.406163931
1305031115.443159103 1305031115.443039894
1305031115.479240894 1305031115.474863052
1305031115.511253119 1305031115.507440090
1305031115.543603897 1305031115.543620110
1305031115.579314947 1305031115.575289965
1305031115.611423969 1305031115.607428074
1305031115.643254042 1305031115.643254042
1305031115.679240942 1305031115.675106049
1305031115.711319923 1305031115.706300974
1305031115.743249893 1305031115.742904902
1305031115.779424906 1305031115.774328947
1305031115.811276913 1305031115.806425095
1305031115.843224049 1305031115.841936111
1305031115.879198074 1305031115.875346899
1305031115.911118031 1305031115.910716057
1305031115.943310976 1305031115.942014933
1305031115.980740070 1305031115.973798990
1305031116.011379004 1305031116.010843039
1305031116.043164015 1305031116.042618036
1305031116.080029964 1305031116.071527004
1305031116.111299992 1305031116.108247042
1305031116.143440962 1305031116.143446922
1305031116.179572105 1305031116.174890995
1305031116.211298943 1305031116.211319923
1305031116.243319988 1305031116.242719889
1305031116.279385090 1305031116.274420977
1305031116.311336040 1305031116.310686111
1305031116.343291998 1305031116.342458963
1305031116.379384041 1305031116.374490023
1305031116.411333084 1305031116.409631014
1305031116.443368912 1305031116.442496061
1305031116.479850054 1305031116.473393917
1305031116.511204958 1305031116.510576010
1305031116.543262005 1305031116.542695045
1305031116.579313040 1305031116.574388981
1305031116.611260891 1305031116.610891104
1305031116.643354893 1305031116.642663956
1305031116.679280996 1305031116.674523115
1305031116.711633921 1305031116.710942030
1305031116.743290901 1305031116.740575075
1305031116.779298067 1305031116.775058985
1305031116.811317921 1305031116.811342955
1305031116.846088886 1305031116.840369940
1305031116.880165100 1305031116.871726036
1305031116.912044048 1305031116.907954931
1305031116.943295956 1305031116.940625906
1305031116.979351044 1305031116.974656105
1305031117.011382103 1305031117.008811951
1305031117.043261051 1305031117.042064905
1305031117.079519987 1305031117.071181059
1305031117.111238003 1305031117.110454082
1305031117.143218040 1305031117.142383099
1305031117.179264069 1305031117.175059080
1305031117.211360931 1305031117.207752943
1305031117.243277073 1305031117.241339922
1305031117.279299021 1305031117.276515961
1305031117.311199903 1305031117.310121059
1305031117.343242884 1305031117.341043949
1305031117.379453897 1305031117.375066996
1305031117.411221027 1305031117.408538103
1305031117.443274021 1305031117.442208052
1305031117.479403019 1305031117.475651026
1305031117.511324883 1305031117.508882046
1305031117.544285059 1305031117.539736032
1305031117.579154968 1305031117.577860117
1305031117.611159086 1305031117.607777119
1305031117.643251896 1305031117.643284082
1305031117.679261923 1305031117.675482988
1305031117.711184025 1305031117.711215019
1305031117.743184090 1305031117.742995024
1305031117.779467106 1305031117.778969049
1305031117.811320066 1305031117.811059952
1305031117.843291044 1305031117.843307018
1305031117.879451036 1305031117.879467010
1305031117.911406994 1305031117.908761978
1305031117.943253040 1305031117.943272114
1305031117.979228020 1305031117.979263067
1305031118.011228085 1305031118.011013031
1305031118.043520927 1305031118.043549061
1305031118.079334021 1305031118.079369068
1305031118.111217022 1305031118.110862970
1305031118.143255949 1305031118.142285109
1305031118.179322958 1305031118.178169966
1305031118.211201906 1305031118.210782051
1305031118.243172884 1305031118.242948055
1305031118.279194117 1305031118.278990984
1305031118.311299086 1305031118.310730934
1305031118.343323946 1305031118.342078924
1305031118.379208088 1305031118.377002954
1305031118.411295891 1305031118.408818007
1305031118.445692062 1305031118.445703030
1305031118.479285002 1305031118.477869034
1305031118.511255026 1305031118.510200977
1305031118.544414043 1305031118.545198917
1305031118.579284906 1305031118.576376915
1305031118.616142035 1305031118.610868931
1305031118.645324945 1305031118.645330906
1305031118.679295063 1305031118.675081968
1305031118.711421013 1305031118.710139990
1305031118.746769905 1305031118.746800900
1305031118.779277086 1305031118.778789997
1305031118.811220884 1305031118.810703039
1305031118.846752882 1305031118.846774101
1305031118.879208088 1305031118.875401974
1305031118.911176920 1305031118.909607887
1305031118.946974039 1305031118.947009087
1305031118.979373932 1305031118.979393959
1305031119.011363029 1305031119.009711981
1305031119.047172070 1305031119.047179937
1305031119.079222918 1305031119.078965902
1305031119.111327887 1305031119.110883951
1305031119.147615910 1305031119.147629023
1305031119.179225922 1305031119.179261923
1305031119.211364031 1305031119.210906029
1305031119.247399092 1305031119.247659922
1305031119.279211998 1305031119.279243946
1305031119.311212063 1305031119.310755014
1305031119.347740889 1305031119.347749949
1305031119.379239082 1305031119.378631115
1305031119.411484003 1305031119.411492109
1305031119.447705984 1305031119.447726011
1305031119.479266882 1305031119.477682114
1305031119.511240005 1305031119.511257887
1305031119.547382116 1305031119.547414064
1305031119.579559088 1305031119.579569101
1305031119.615016937 1305031119.615024090
1305031119.647902966 1305031119.648889065
1305031119.679208040 1305031119.675565958
1305031119.715231895 1305031119.715249062
1305031119.747193098 1305031119.744885921
1305031119.779169083 1305031119.778628111
1305031119.814537048 1305031119.814570904
1305031119.847429037 1305031119.847445011
1305031119.879214048 1305031119.879231930
1305031119.911401033 1305031119.911423922
1305031119.947391987 1305031119.947462082
1305031119.979537010 1305031119.979546070
1305031120.015264034 1305031120.015283108
1305031120.047290087 1305031120.047310114
1305031120.079417944 1305031120.075690031
1305031120.115231991 1305031120.115248919
1305031120.148156881 1305031120.148175001
1305031120.179245949 1305031120.179260969
1305031120.215249062 1305031120.215260029
1305031120.248003006 1305031120.248018026
1305031120.279429913 1305031120.279441118
1305031120.315196037 1305031120.315212965
1305031120.347786903 1305031120.347796917
1305031120.379436970 1305031120.379446030
1305031120.415445089 1305031120.415489912
1305031120.447417021 1305031120.447432995
1305031120.479432106 1305031120.475581884
1305031120.514818907 1305031120.514877081
1305031120.547735929 1305031120.547806978
1305031120.579550982 1305031120.579559088
1305031120.615236044 1305031120.615271091
1305031120.647353888 1305031120.646606922
1305031120.679317951 1305031120.678467035
1305031120.714521885 1305031120.714553118
1305031120.747369051 1305031120.747395992
1305031120.779894114 1305031120.779907942
1305031120.814944029 1305031120.814904928
1305031120.847920895 1305031120.847942114
1305031120.883435011 1305031120.883454084
1305031120.915443897 1305031120.915453911
1305031120.947488070 1305031120.947509050
1305031120.983366013 1305031120.983390093
1305031121.015018940 1305031121.015028954
1305031121.047497988 1305031121.047755003
1305031121.083098888 1305031121.083117008
1305031121.114696026 1305031121.114877939
1305031121.147330999 1305031121.147355080
1305031121.183270931 1305031121.183280945
1305031121.211420059 1305031121.211431026
1305031121.247194052 1305031121.247200966
1305031121.282876015 1305031121.282821894
1305031121.313568115 1305031121.313587904
1305031121.347517014 1305031121.347539902
1305031121.383225918 1305031121.383248091
1305031121.414318085 1305031121.414328098
1305031121.447319031 1305031121.447024107
1305031121.482964039 1305031121.483015060
1305031121.514106989 1305031121.514163971
1305031121.547270060 1305031121.546809912
1305031121.583204031 1305031121.583213091
1305031121.614700079 1305031121.614718914
1305031121.647182941 1305031121.646965981
1305031121.683199883 1305031121.683211088
1305031121.714519978 1305031121.714528084
1305031121.747144938 1305031121.746484041
1305031121.782835007 1305031121.782871008
1305031121.811539888 1305031121.811544895
1305031121.847335100 1305031121.846869946
1305031121.882060051 1305031121.882122993
1305031121.914931059 1305031121.914942980
1305031121.947288036 1305031121.947318077
1305031121.982925892 1305031121.982934952
1305031122.014256001 1305031122.014424086
1305031122.047306061 1305031122.046907902
1305031122.082958937 1305031122.082968950
1305031122.114671946 1305031122.114687920
1305031122.150724888 1305031122.150748014
1305031122.183042049 1305031122.183052063
1305031122.214958906 1305031122.214968920
1305031122.251318932 1305031122.251354933
1305031122.283560038 1305031122.283865929
1305031122.314289093 1305031122.314308882
1305031122.351326942 1305031122.351351023
1305031122.382630110 1305031122.382678032
1305031122.414997101 1305031122.415008068
1305031122.451256990 1305031122.451272011
1305031122.483360052 1305031122.483387947
1305031122.515096903 1305031122.515135050
1305031122.551490068 1305031122.551510096
1305031122.583208084 1305031122.583216906
1305031122.614979982 1305031122.615016937
1305031122.648787975 1305031122.648809910
1305031122.683402061 1305031122.683419943
1305031122.715208054 1305031122.715219021
1305031122.751297951 1305031122.751308918
1305031122.783422947 1305031122.783437967
1305031122.812555075 1305031122.812565088
1305031122.851418018 1305031122.851485968
1305031122.883754015 1305031122.883774996
1305031122.914571047 1305031122.914585114
1305031122.951340914 1305031122.951412916
1305031122.982815027 1305031122.983000040
1305031123.015450001 1305031123.015461922
1305031123.051826954 1305031123.051837921
1305031123.082974911 1305031123.082992077
1305031123.113873005 1305031123.113939047
1305031123.150821924 1305031123.150840044
1305031123.182154894 1305031123.182176113
1305031123.214704037 1305031123.214724064
1305031123.250617981 1305031123.250641108
1305031123.282346964 1305031123.282362938
1305031123.311326981 1305031123.320991993
1305031123.350481033 1305031123.350492954
1305031123.382255077 1305031123.382262945
1305031123.411362886 1305031123.421343088
1305031123.451255083 1305031123.451266050
1305031123.483593941 1305031123.483604908
1305031123.511359930 1305031123.519725084
1305031123.551512957 1305031123.551573038
1305031123.579582930 1305031123.579616070
1305031123.611335039 1305031123.620387077
1305031123.652410984 1305031123.652430058
1305031123.683753014 1305031123.683784962
1305031123.711323023 1305031123.719974995
1305031123.751723051 1305031123.751980066
1305031123.783858061 1305031123.784137964
1305031123.811608076 1305031123.819695950
1305031123.851444006 1305031123.851551056
1305031123.883785963 1305031123.883819103
1305031123.911242962 1305031123.915793896
1305031123.951442003 1305031123.951529980
1305031123.983414888 1305031123.983421087
1305031124.011301994 1305031124.019737005
1305031124.051505089 1305031124.051531076
1305031124.083837032 1305031124.083901882
1305031124.111330986 1305031124.119668961
1305031124.147445917 1305031124.147458076
1305031124.182693958 1305031124.182707071
1305031124.211395979 1305031124.217179060
1305031124.249326944 1305031124.249340057
1305031124.282545090 1305031124.282555103
1305031124.311361074 1305031124.316781998
1305031124.350353956 1305031124.350370884
1305031124.382420063 1305031124.382431984
1305031124.411438942 1305031124.418555021
1305031124.450244904 1305031124.450256109
1305031124.480098963 1305031124.480125904
1305031124.511323929 1305031124.516736984
1305031124.550436974 1305031124.550503016
1305031124.579404116 1305031124.584605932
1305031124.611357927 1305031124.617652893
1305031124.651271105 1305031124.651313066
1305031124.679362059 1305031124.685472965
1305031124.711251020 1305031124.715790987
1305031124.749890089 1305031124.749941111
1305031124.779365063 1305031124.785177946
1305031124.811359882 1305031124.816641092
1305031124.850534916 1305031124.850558996
1305031124.879354954 1305031124.883594036
1305031124.911448002 1305031124.918770075
1305031124.950730085 1305031124.950747967
1305031124.979438066 1305031124.986459970
1305031125.011454105 1305031125.019467115
1305031125.050762892 1305031125.050797939
1305031125.079364061 1305031125.083479881
1305031125.111363888 1305031125.119029045
1305031125.151012897 1305031125.151036978
1305031125.179352999 1305031125.187063932
1305031125.211319923 1305031125.219017982
1305031125.250632048 1305031125.250642061
1305031125.279467106 1305031125.286396027
1305031125.311492920 1305031125.319139957
1305031125.348880053 1305031125.348898888
1305031125.379400969 1305031125.386791945
1305031125.411334991 1305031125.419574022
1305031125.451195002 1305031125.451231956
1305031125.479424000 1305031125.486999035
1305031125.511316061 1305031125.519354105
1305031125.551019907 1305031125.551049948
1305031125.579308033 1305031125.585303068
1305031125.611532927 1305031125.617870092
1305031125.650574923 1305031125.650353909
1305031125.679327965 1305031125.684602022
1305031125.711442947 1305031125.715668917
1305031125.751260042 1305031125.751291990
1305031125.779347897 1305031125.786804914
1305031125.811573029 1305031125.819449902
1305031125.847412109 1305031125.854773998
1305031125.879317999 1305031125.886645079
1305031125.911304951 1305031125.919333935
1305031125.947343111 1305031125.955251932
1305031125.979324102 1305031125.987093925
1305031126.011332989 1305031126.019572020
1305031126.047323942 1305031126.055037975
1305031126.079355955 1305031126.087075949
1305031126.111370087 1305031126.119452000
1305031126.147432089 1305031126.154999971
1305031126.179383993 1305031126.187174082
1305031126.211318970 1305031126.219472885
1305031126.247298002 1305031126.255235910
1305031126.279362917 1305031126.287105083
1305031126.311331987 1305031126.319787025
1305031126.347362995 1305031126.355415106
1305031126.379422903 1305031126.387482882
1305031126.411464930 1305031126.419792891
1305031126.447360992 1305031126.455379963
1305031126.479532957 1305031126.490386009
1305031126.511409998 1305031126.522320986
1305031126.547374010 1305031126.558208942
1305031126.579453945 1305031126.590176105
1305031126.611527920 1305031126.618686914
1305031126.647376060 1305031126.654474020
1305031126.679478884 1305031126.690021992
1305031126.711582899 1305031126.715770006
1305031126.747315884 1305031126.755373955
1305031126.779378891 1305031126.787564993
1305031126.811602116 1305031126.819928885
1305031126.847342968 1305031126.858377934
1305031126.879357100 1305031126.888154030
1305031126.911364079 1305031126.919409037
1305031126.947437048 1305031126.955501080
1305031126.979336977 1305031126.987315893
1305031127.011370897 1305031127.019524097
1305031127.047297001 1305031127.053318024
1305031127.079298973 1305031127.088649035
1305031127.111434937 1305031127.120963097
1305031127.147306919 1305031127.157691956
1305031127.179348946 1305031127.187500000
1305031127.211699963 1305031127.221831083
1305031127.247374058 1305031127.259761095
1305031127.279464960 1305031127.287038088
1305031127.311362028 1305031127.320467949
1305031127.347356081 1305031127.353406906
1305031127.379261971 1305031127.383713007
1305031127.411370993 1305031127.419650078
1305031127.447333097 1305031127.454246044
1305031127.479362011 1305031127.487200022
1305031127.511356115 1305031127.521899939
1305031127.547348022 1305031127.553725004
1305031127.579344988 1305031127.586632013
1305031127.611270905 1305031127.620656967
1305031127.647357941 1305031127.654655933
1305031127.679297924 1305031127.687109947
1305031127.711374998 1305031127.723210096
1305031127.747303963 1305031127.754693985
1305031127.779345989 1305031127.787641048
1305031127.811829090 1305031127.820127964
1305031127.847366095 1305031127.855132103
1305031127.879379988 1305031127.887121916
1305031127.911475897 1305031127.922559977
1305031127.947365999 1305031127.955087900
1305031127.979371071 1305031127.987092972
1305031128.011426926 1305031128.021775961
1305031128.047369003 1305031128.055717945
1305031128.079334021 1305031128.087205887
1305031128.111391068 1305031128.124746084
1305031128.147418022 1305031128.157782078
1305031128.179349899 1305031128.187221050
1305031128.211447001 1305031128.225441933
1305031128.247479916 1305031128.256006956
1305031128.279335976 1305031128.291275024
1305031128.311482906 1305031128.324170113
1305031128.347423077 1305031128.355206013
1305031128.379404068 1305031128.391396999
1305031128.411336899 1305031128.423609018
1305031128.447295904 1305031128.455498934
1305031128.479295969 1305031128.489522934
1305031128.511432886 1305031128.523603916
1305031128.547399044 1305031128.555639029
1305031128.579454899 1305031128.591459990
1305031128.611394882 1305031128.623368025
1305031128.647351980 1305031128.655554056
1305031128.679281950 1305031128.690448999
1305031128.711457014 1305031128.722975969
1305031128.747363091 1305031128.754646063
